File  	Rouge-1	Rouge-2	Rouge-3	Rouge-4	Rouge-5
00314	0.27869	0.23288	0.17391	0.13281	0.11333	
00405	0.53333	0.66667	0.69048	0.61538	0.55000	
00486	0.23333	0.09677	0.09195	0.09259	0.10000	
01018	0.28788	0.16429	0.13636	0.13306	0.13103	
02358	0.57895	0.65909	0.62121	0.55952	0.51000	
02571	0.43590	0.26667	0.15152	0.14881	0.14500	
02747	0.23077	0.00000	0.00000	0.00000	0.00000	
04954	0.18519	0.10345	0.07879	0.07843	0.08085	
05062	0.22727	0.17308	0.16000	0.15104	0.14783	
05146	0.17500	0.15306	0.07246	0.07143	0.06842	
05585	0.41667	0.22500	0.15417	0.12500	0.10933	
05765	0.37500	0.50000	0.38462	0.31731	0.30400	
08416	0.37500	0.28378	0.22973	0.21786	0.20000	
08512	0.26984	0.19277	0.13492	0.10671	0.09744	
08606	0.06923	0.04706	0.04878	0.03710	0.02740	
09329	0.78947	0.67500	0.49123	0.37500	0.35294	
09696	0.18519	0.18493	0.14762	0.15152	0.15161	
10184	0.32353	0.34211	0.26126	0.21429	0.21212	
10782	0.41667	0.27273	0.26667	0.25000	0.25000	
10995	0.25862	0.14865	0.11261	0.10764	0.11176	
11148	0.35484	0.20270	0.21905	0.20455	0.20000	
12251	0.38462	0.38462	0.34722	0.35227	0.37000	
12868	0.35484	0.20000	0.15152	0.15323	0.15862	
12957	0.29730	0.24468	0.17037	0.16279	0.15122	
13119	0.42222	0.29839	0.24590	0.21983	0.19630	
13419	0.25926	0.17742	0.11111	0.10268	0.09615	
15133	0.28571	0.38462	0.30556	0.31818	0.34000	
15357	0.30189	0.21429	0.19444	0.18860	0.18519	
16646	0.23810	0.14912	0.11782	0.10619	0.09725	
16656	0.29508	0.27922	0.25641	0.24662	0.22609	
16776	0.30508	0.26056	0.17157	0.14453	0.14483	
16929	0.35714	0.27536	0.20773	0.15809	0.14242	
16953	0.40541	0.30769	0.22807	0.22222	0.21765	
19552	0.38095	0.28261	0.26984	0.25000	0.25882	
21105	0.18182	0.33333	0.37500	0.42857	0.50000	
22703	0.40984	0.32317	0.27004	0.23667	0.21690	
23043	0.33333	0.12500	0.00000	0.00000	0.00000	
23051	0.31034	0.25974	0.14768	0.13333	0.12286	
23259	0.41176	0.31250	0.26667	0.28571	0.27692	
23663	0.40625	0.39706	0.28283	0.27344	0.26452	
23809	0.00000	0.00000	0.00000	0.00000	0.00000	
24152	0.28070	0.15942	0.15493	0.15580	0.14545	
24933	0.43750	0.33333	0.28571	0.26923	0.26667	
25133	0.36364	0.25000	0.18841	0.16279	0.16500	
25605	0.36364	0.26562	0.26437	0.28846	0.30435	
25717	0.32609	0.21296	0.12579	0.11765	0.11020	
27488	0.34884	0.18182	0.14103	0.14796	0.15652	
28076	0.33333	0.17857	0.10256	0.10417	0.10909	
28300	0.36000	0.20370	0.14667	0.10870	0.10476	
28391	0.32258	0.27778	0.29825	0.28125	0.30500	
28987	0.38571	0.21196	0.14184	0.11828	0.09890	
29089	0.13636	0.08475	0.04802	0.04204	0.03704	
29605	0.20833	0.71739	0.68182	0.66250	0.62222	
29772	0.60000	0.76316	0.78431	0.86667	0.90769	
30569	0.34483	0.28125	0.22917	0.20833	0.19259	
30680	0.12963	0.10000	0.05641	0.03689	0.03158	
32245	0.13636	0.00000	0.00000	0.00000	0.00000	
32785	0.25806	0.17143	0.06863	0.07031	0.07333	
32864	0.21053	0.22727	0.20721	0.19014	0.17647	
32902	0.19277	0.13208	0.09434	0.08252	0.07879	
32933	0.48485	0.48352	0.42105	0.36264	0.31954	
33131	0.46341	0.35000	0.35417	0.32065	0.28837	
34413	0.61538	0.60714	0.48718	0.45833	0.43636	
35595	0.32895	0.26415	0.19182	0.18000	0.16383	
35926	0.20833	0.09434	0.09333	0.08152	0.08095	
35929	0.23404	0.13158	0.05263	0.04630	0.04314	
36220	0.37500	0.22500	0.13333	0.10526	0.06667	
36236	0.28571	0.16667	0.13333	0.12500	0.13333	
36415	0.44444	0.31148	0.21667	0.16964	0.15769	
36631	0.35849	0.22951	0.18391	0.17273	0.17308	
36926	0.27273	0.22500	0.20085	0.20000	0.20000	
37604	0.43243	0.34146	0.23333	0.22297	0.21765	
37669	0.21739	0.15789	0.11111	0.10112	0.08471	
37700	0.37500	0.14286	0.16667	0.20000	0.25000	
38011	0.22857	0.12500	0.10417	0.10345	0.10769	
38184	0.30000	0.20000	0.22807	0.23529	0.25333	
38329	0.65385	0.62500	0.53535	0.45968	0.42759	
40395	0.26000	0.15873	0.15819	0.17593	0.18776	
41564	0.25000	0.12222	0.08730	0.07051	0.07222	
41590	0.44000	0.21667	0.10000	0.07759	0.04286	
42347	0.35821	0.31319	0.22711	0.20349	0.18025	
42383	0.24096	0.14851	0.11224	0.10526	0.10889	
42430	0.33333	0.23438	0.21505	0.22414	0.22222	
42635	0.65217	0.52083	0.42424	0.42500	0.43333	
42651	0.26316	0.02564	0.01754	0.01389	0.01176	
43080	0.53333	0.75000	0.69231	0.70833	0.74545	
43526	0.50000	1.45833	1.46667	1.59375	1.65714	
43547	0.36765	0.24138	0.19608	0.17500	0.16000	
44618	0.32353	0.34615	0.26966	0.22647	0.20000	
45124	0.21250	0.14141	0.11785	0.10215	0.09767	
45576	0.35714	0.23469	0.24113	0.24432	0.22927	
46701	0.19048	0.10417	0.11594	0.12500	0.12381	
46832	0.34286	0.31944	0.31429	0.29545	0.28387	
47369	0.34783	0.34783	0.39683	0.40789	0.43529	
47379	0.21212	0.10494	0.05983	0.06507	0.06567	
47444	0.31579	0.20000	0.14035	0.08333	0.08235	
47855	0.34000	0.26562	0.16667	0.16949	0.16071	
48011	0.43750	0.36585	0.26667	0.21053	0.18333	
49000	0.30612	0.15517	0.16364	0.15385	0.14694	
50078	0.13333	0.11538	0.12121	0.12500	0.13333	
51018	0.34286	0.31818	0.25556	0.20370	0.20000	
51867	0.21429	0.06667	0.07143	0.07692	0.10000	
51952	0.48000	0.44828	0.37931	0.30172	0.26207	
52979	0.23404	0.13672	0.09677	0.09322	0.08829	
53182	0.35185	0.20000	0.15962	0.14179	0.12258	
53447	0.38776	0.34545	0.28302	0.25000	0.23333	
53707	0.15789	0.16912	0.11765	0.11154	0.11148	
55107	0.22222	0.00000	0.00000	0.00000	0.00000	
55691	0.50000	0.58333	0.54545	0.50000	0.53333	
56614	0.46667	0.15385	0.18182	0.22222	0.28571	
56615	0.33333	0.33333	0.23810	0.23077	0.23333	
57197	0.22222	0.11504	0.07808	0.06429	0.06122	
57458	0.40000	0.78571	0.74359	0.72917	0.74545	
57557	0.30435	0.39130	0.41270	0.43421	0.45882	
57811	0.30508	0.28378	0.21461	0.20290	0.19692	
58978	0.51020	0.39231	0.33333	0.29098	0.26316	
59445	0.21053	0.13208	0.08571	0.07000	0.05263	
59728	0.33333	0.64286	0.66667	0.80000	1.00000	
60516	0.18519	0.32692	0.37681	0.43750	0.49412	
60524	0.45161	0.35526	0.21930	0.17568	0.15000	
61103	0.52174	0.39583	0.27778	0.22826	0.18182	
61395	0.36667	0.32812	0.18280	0.18103	0.18519	
61511	0.50000	0.41176	0.34694	0.31915	0.26667	
62046	0.35000	0.45238	0.40000	0.39474	0.38889	
62103	0.34848	0.22222	0.12903	0.11111	0.09535	
62554	0.26230	0.15789	0.10798	0.08846	0.07931	
62811	0.41463	0.35000	0.25333	0.23404	0.20455	
62823	0.26000	0.16176	0.10294	0.09091	0.07812	
63449	0.21333	0.13068	0.09921	0.09810	0.10137	
64006	0.38333	0.25342	0.22066	0.20956	0.20000	
64179	0.30000	0.18033	0.11828	0.09426	0.08814	
64255	0.13433	0.07306	0.05106	0.04230	0.03848	
64309	0.26471	0.05714	0.02020	0.01613	0.01379	
64820	0.42857	0.24359	0.16667	0.14583	0.12353	
65605	0.53333	0.42857	0.27451	0.24219	0.23333	
66388	0.13846	0.09551	0.07018	0.07065	0.07045	
67316	0.70588	0.52778	0.49020	0.45312	0.41333	
67662	0.35484	0.27473	0.22680	0.16406	0.13407	
67792	0.30000	0.26190	0.24561	0.23529	0.25333	
68013	0.37143	0.20513	0.22523	0.23571	0.24848	
69193	0.38710	0.25714	0.20202	0.17742	0.15172	
70100	0.21918	0.16667	0.12585	0.11957	0.11628	
70347	0.50000	0.55556	0.52941	0.46875	0.41333	
70627	0.28947	0.15957	0.11111	0.12209	0.13171	
70723	0.44444	0.93750	0.95238	1.08333	1.28000	
70847	0.16667	0.22917	0.19048	0.19737	0.18889	
70895	0.46512	0.52041	0.48299	0.43889	0.40000	
70976	0.32258	0.17143	0.18182	0.18548	0.19310	
73543	0.22222	0.12500	0.14286	0.16667	0.20000	
73825	0.43750	0.35366	0.27778	0.22500	0.20526	
74848	0.26786	0.13889	0.10046	0.09859	0.08986	
75348	0.60000	1.37500	1.55556	2.12500	4.00000	
75839	0.28302	0.25385	0.22222	0.21552	0.20377	
76453	0.36111	0.29268	0.25203	0.24359	0.22162	
76769	0.23077	0.13559	0.08333	0.07692	0.08085	
76784	0.23529	0.20339	0.16384	0.14286	0.13208	
77404	0.32143	0.28846	0.28986	0.28571	0.26316	
77559	0.20000	0.12857	0.09804	0.10156	0.10667	
77997	0.22581	0.06250	0.06667	0.07143	0.07692	
78329	0.31579	0.24286	0.23232	0.19355	0.18596	
78839	0.35000	0.28571	0.21667	0.18421	0.18889	
78857	0.22642	0.08621	0.05952	0.05660	0.05200	
79970	0.34286	0.23171	0.18699	0.15000	0.14737	
80286	0.39437	0.28889	0.21318	0.17988	0.16962	
80379	0.27907	0.22549	0.15646	0.16304	0.16279	
81392	0.25000	0.20707	0.14626	0.13315	0.13023	
81394	0.36842	0.20896	0.17436	0.16803	0.16491	
81446	0.29268	0.28261	0.23016	0.23649	0.24375	
81572	0.17647	0.14167	0.11111	0.10849	0.11020	
82988	0.46429	0.41176	0.31250	0.25833	0.24286	
84359	0.62500	1.42857	1.86667	1.00000	1.50000	
84413	0.30435	0.18254	0.13757	0.12500	0.11864	
84712	0.18750	0.14953	0.09483	0.08696	0.07857	
84981	0.68750	0.50000	0.39583	0.32812	0.28750	
84999	0.33333	0.11818	0.12418	0.14362	0.16279	
85172	0.42857	0.00000	0.00000	0.00000	0.00000	
85964	0.30000	0.20000	0.19298	0.20588	0.22667	
86416	0.33784	0.26562	0.19355	0.16477	0.15122	
86654	0.53125	0.48649	0.36190	0.31061	0.25161	
87072	0.35000	0.36364	0.31667	0.23611	0.23750	
87850	0.24000	0.13672	0.09669	0.07617	0.06667	
89529	0.32432	0.30233	0.24390	0.22436	0.19444	
89933	0.24051	0.14062	0.09622	0.06868	0.06429	
89943	0.25714	0.12857	0.07808	0.05963	0.05333	
90078	0.25000	0.18085	0.14493	0.13636	0.12706	
90364	0.75000	0.87500	0.78788	0.77500	0.77778	
90735	0.26087	0.17647	0.12500	0.12778	0.13333	
91020	0.25275	0.27165	0.21951	0.19068	0.16250	
91166	0.19444	0.10227	0.04762	0.03947	0.03529	
91797	0.13462	0.08088	0.02817	0.03077	0.03051	
92667	0.51064	0.36207	0.24590	0.21121	0.19273	
92675	0.32877	0.21605	0.17949	0.17230	0.16857	
93075	0.28000	0.13559	0.09942	0.08796	0.09020	
93142	0.22857	0.11538	0.10526	0.11111	0.11176	
94177	0.18627	0.14650	0.09375	0.07803	0.06358	
94576	0.18868	0.10870	0.07246	0.06716	0.06667	
94649	0.39024	0.27083	0.21277	0.19767	0.18974	
95429	0.23077	0.12500	0.07407	0.07692	0.08000	
95465	0.40000	0.33333	0.41667	0.53571	0.63333	
95759	0.33333	0.27869	0.19118	0.16429	0.15882	
96215	0.43750	0.38235	0.29167	0.26667	0.24286	
96790	0.16667	0.06832	0.05208	0.05298	0.05211	
96885	0.16814	0.09589	0.07029	0.06383	0.06418	
98089	0.37500	0.19444	0.13725	0.12500	0.12000	
98250	0.21429	0.07692	0.08333	0.09091	0.10000	
98392	0.20548	0.12778	0.09412	0.09810	0.09863	
98745	0.33721	0.26639	0.19744	0.15039	0.12800	
Average	0.33069	0.27477	0.23377	0.22107	0.22970	
Total time taken= 576.34 seconds
