File  	Rouge-1	Rouge-2	Rouge-3	Rouge-4	Rouge-5
00314	0.34426	0.13699	0.04348	0.01562	0.00000	
00405	0.73333	0.26667	0.21429	0.07692	0.00000	
00486	0.30000	0.00000	0.00000	0.00000	0.00000	
01018	0.31818	0.02857	0.00000	0.00000	0.00000	
02358	0.63158	0.36364	0.22727	0.09524	0.00000	
02571	0.56410	0.26667	0.11364	0.07143	0.02500	
02747	0.38462	0.00000	0.00000	0.00000	0.00000	
04954	0.27778	0.03448	0.00000	0.00000	0.00000	
05062	0.27273	0.03846	0.00000	0.00000	0.00000	
05146	0.37500	0.18367	0.02174	0.00000	0.00000	
05585	0.43333	0.17500	0.05000	0.01282	0.00000	
05765	0.37500	0.15385	0.03846	0.00000	0.00000	
08416	0.50000	0.28378	0.20270	0.17143	0.13636	
08512	0.36508	0.14458	0.07143	0.03659	0.02564	
08606	0.07692	0.04118	0.03049	0.01290	0.00685	
09329	0.78947	0.40000	0.10526	0.00000	0.00000	
09696	0.27778	0.04110	0.00000	0.00000	0.00000	
10184	0.41176	0.15789	0.05405	0.00000	0.00000	
10782	0.41667	0.00000	0.00000	0.00000	0.00000	
10995	0.46552	0.13514	0.04054	0.01389	0.00000	
11148	0.45161	0.08108	0.02857	0.00000	0.00000	
12251	0.50000	0.11538	0.00000	0.00000	0.00000	
12868	0.41935	0.11429	0.03030	0.00000	0.00000	
12957	0.43243	0.10638	0.00000	0.00000	0.00000	
13119	0.51111	0.22581	0.09836	0.03448	0.00000	
13419	0.31481	0.06452	0.00000	0.00000	0.00000	
15133	0.42857	0.15385	0.08333	0.00000	0.00000	
15357	0.39623	0.06349	0.00000	0.00000	0.00000	
16646	0.34524	0.14035	0.06897	0.04425	0.02752	
16656	0.37705	0.15584	0.05128	0.01351	0.00000	
16776	0.33898	0.14085	0.02941	0.00000	0.00000	
16929	0.42857	0.14493	0.05797	0.00000	0.00000	
16953	0.45946	0.12821	0.00000	0.00000	0.00000	
19552	0.47619	0.08696	0.04762	0.00000	0.00000	
21105	0.27273	0.00000	0.00000	0.00000	0.00000	
22703	0.45902	0.26829	0.17722	0.12000	0.09859	
23043	0.33333	0.12500	0.00000	0.00000	0.00000	
23051	0.41379	0.24675	0.08861	0.05333	0.02857	
23259	0.52941	0.12500	0.00000	0.00000	0.00000	
23663	0.46875	0.14706	0.03030	0.00000	0.00000	
23809	0.00000	0.00000	0.00000	0.00000	0.00000	
24152	0.31579	0.02899	0.00000	0.00000	0.00000	
24933	0.43750	0.00000	0.00000	0.00000	0.00000	
25133	0.38636	0.10417	0.04348	0.00000	0.00000	
25605	0.51515	0.15625	0.00000	0.00000	0.00000	
25717	0.41304	0.09259	0.00000	0.00000	0.00000	
27488	0.39535	0.07273	0.00000	0.00000	0.00000	
28076	0.33333	0.07143	0.00000	0.00000	0.00000	
28300	0.40000	0.14815	0.04000	0.00000	0.00000	
28391	0.33871	0.09524	0.05263	0.00000	0.00000	
28987	0.42857	0.16304	0.06383	0.03226	0.01099	
29089	0.23864	0.05085	0.00847	0.00000	0.00000	
29605	0.41667	0.04348	0.00000	0.00000	0.00000	
29772	0.65000	0.36842	0.17647	0.06667	0.00000	
30569	0.41379	0.15625	0.09375	0.06667	0.03704	
30680	0.29630	0.12308	0.03077	0.00000	0.00000	
32245	0.18182	0.00000	0.00000	0.00000	0.00000	
32785	0.48387	0.22857	0.05882	0.03125	0.00000	
32864	0.40351	0.22078	0.12162	0.07042	0.04412	
32902	0.22892	0.04717	0.00943	0.00000	0.00000	
32933	0.51515	0.32967	0.24211	0.17582	0.13793	
33131	0.51220	0.24000	0.16667	0.10870	0.06977	
34413	0.61538	0.28571	0.07692	0.00000	0.00000	
35595	0.40789	0.16038	0.03774	0.01000	0.00000	
35926	0.22917	0.05660	0.02000	0.00000	0.00000	
35929	0.31915	0.12281	0.01754	0.00000	0.00000	
36220	0.43750	0.20000	0.10000	0.05263	0.00000	
36236	0.28571	0.00000	0.00000	0.00000	0.00000	
36415	0.46296	0.19672	0.08333	0.01786	0.00000	
36631	0.47170	0.16393	0.05172	0.01818	0.00000	
36926	0.37879	0.10000	0.01282	0.00000	0.00000	
37604	0.48649	0.09756	0.00000	0.00000	0.00000	
37669	0.27536	0.10526	0.03226	0.01124	0.00000	
37700	0.37500	0.00000	0.00000	0.00000	0.00000	
38011	0.25714	0.02778	0.00000	0.00000	0.00000	
38184	0.35000	0.10000	0.05263	0.00000	0.00000	
38329	0.65385	0.37500	0.24242	0.16129	0.13793	
40395	0.30000	0.01587	0.00000	0.00000	0.00000	
41564	0.34091	0.06667	0.02381	0.00000	0.00000	
41590	0.44000	0.23333	0.06667	0.03448	0.00000	
42347	0.40299	0.17582	0.04396	0.01163	0.00000	
42383	0.26506	0.05941	0.01020	0.00000	0.00000	
42430	0.36667	0.09375	0.00000	0.00000	0.00000	
42635	0.65217	0.16667	0.00000	0.00000	0.00000	
42651	0.31579	0.02564	0.00000	0.00000	0.00000	
43080	0.60000	0.28571	0.07692	0.00000	0.00000	
43526	0.57143	0.41667	0.10000	0.00000	0.00000	
43547	0.47059	0.18391	0.08235	0.05000	0.04000	
44618	0.48529	0.27473	0.14607	0.05882	0.02469	
45124	0.28750	0.13131	0.07071	0.03226	0.02326	
45576	0.40476	0.16327	0.06383	0.04545	0.02439	
46701	0.19048	0.00000	0.00000	0.00000	0.00000	
46832	0.40000	0.05556	0.00000	0.00000	0.00000	
47369	0.39130	0.00000	0.00000	0.00000	0.00000	
47379	0.27273	0.04938	0.00000	0.00000	0.00000	
47444	0.42105	0.10000	0.05263	0.00000	0.00000	
47855	0.50000	0.18750	0.00000	0.00000	0.00000	
48011	0.50000	0.34146	0.15000	0.05263	0.02778	
49000	0.36735	0.03448	0.00000	0.00000	0.00000	
50078	0.20000	0.00000	0.00000	0.00000	0.00000	
51018	0.54286	0.15152	0.03333	0.00000	0.00000	
51867	0.28571	0.00000	0.00000	0.00000	0.00000	
51952	0.60000	0.34483	0.24138	0.13793	0.10345	
52979	0.29787	0.07031	0.00806	0.00000	0.00000	
53182	0.40741	0.15714	0.08451	0.05970	0.03226	
53447	0.40816	0.16364	0.07547	0.03922	0.02083	
53707	0.28070	0.16176	0.07353	0.04615	0.01639	
55107	0.33333	0.00000	0.00000	0.00000	0.00000	
55691	0.50000	0.25000	0.09091	0.00000	0.00000	
56614	0.53333	0.00000	0.00000	0.00000	0.00000	
56615	0.40000	0.13333	0.00000	0.00000	0.00000	
57197	0.25556	0.04425	0.00901	0.00000	0.00000	
57458	0.53333	0.07143	0.00000	0.00000	0.00000	
57557	0.30435	0.04348	0.00000	0.00000	0.00000	
57811	0.37288	0.16216	0.05479	0.02899	0.01538	
58978	0.51020	0.24615	0.12500	0.06557	0.03509	
59445	0.27632	0.08491	0.01905	0.01000	0.00000	
59728	0.50000	0.28571	0.00000	0.00000	0.00000	
60516	0.29630	0.03846	0.00000	0.00000	0.00000	
60524	0.45161	0.26316	0.10526	0.05405	0.02778	
61103	0.56522	0.29167	0.12500	0.04348	0.00000	
61395	0.40000	0.15625	0.00000	0.00000	0.00000	
61511	0.70000	0.33333	0.16327	0.08511	0.02222	
62046	0.50000	0.28571	0.10000	0.05263	0.00000	
62103	0.43939	0.12222	0.02151	0.01111	0.00000	
62554	0.31148	0.09211	0.04225	0.01538	0.00000	
62811	0.43902	0.20000	0.08000	0.04255	0.02273	
62823	0.30000	0.11765	0.02941	0.01515	0.00000	
63449	0.24000	0.04545	0.00000	0.00000	0.00000	
64006	0.41667	0.05479	0.00000	0.00000	0.00000	
64179	0.42000	0.19672	0.09677	0.04918	0.01695	
64255	0.18284	0.03196	0.01064	0.00217	0.00000	
64309	0.29412	0.02857	0.00000	0.00000	0.00000	
64820	0.42857	0.15385	0.05263	0.02778	0.00000	
65605	0.56667	0.25714	0.02941	0.00000	0.00000	
66388	0.15385	0.03371	0.00000	0.00000	0.00000	
67316	0.70588	0.27778	0.17647	0.12500	0.06667	
67662	0.43548	0.19780	0.11340	0.05208	0.02198	
67792	0.35000	0.09524	0.05263	0.00000	0.00000	
68013	0.45714	0.10256	0.02703	0.00000	0.00000	
69193	0.45161	0.17143	0.06061	0.03226	0.00000	
70100	0.30137	0.08081	0.02041	0.00000	0.00000	
70347	0.62500	0.22222	0.17647	0.12500	0.06667	
70627	0.39474	0.06383	0.00000	0.00000	0.00000	
70723	0.44444	0.25000	0.14286	0.00000	0.00000	
70847	0.29167	0.04167	0.00000	0.00000	0.00000	
70895	0.48837	0.40816	0.32653	0.24444	0.19512	
70976	0.32258	0.00000	0.00000	0.00000	0.00000	
73543	0.22222	0.00000	0.00000	0.00000	0.00000	
73825	0.50000	0.24390	0.09524	0.02500	0.00000	
74848	0.35714	0.13889	0.05479	0.02817	0.01449	
75348	0.60000	0.25000	0.00000	0.00000	0.00000	
75839	0.35849	0.04615	0.03175	0.01724	0.00000	
76453	0.38889	0.19512	0.09756	0.05128	0.02703	
76769	0.40385	0.15254	0.05357	0.01923	0.00000	
76784	0.37255	0.13559	0.05085	0.01786	0.00000	
77404	0.39286	0.11538	0.08696	0.04762	0.00000	
77559	0.30000	0.14286	0.02941	0.00000	0.00000	
77997	0.25806	0.00000	0.00000	0.00000	0.00000	
78329	0.36842	0.12857	0.06061	0.01613	0.00000	
78839	0.35000	0.14286	0.05000	0.00000	0.00000	
78857	0.24528	0.03448	0.00000	0.00000	0.00000	
79970	0.48571	0.12195	0.07317	0.02500	0.00000	
80286	0.45070	0.14444	0.03488	0.00000	0.00000	
80379	0.46512	0.17647	0.08163	0.02174	0.00000	
81392	0.33750	0.13131	0.03061	0.00000	0.00000	
81394	0.40351	0.10448	0.01538	0.00000	0.00000	
81446	0.36585	0.08696	0.00000	0.00000	0.00000	
81572	0.27451	0.10000	0.03509	0.00000	0.00000	
82988	0.46429	0.17647	0.06250	0.00000	0.00000	
84359	0.62500	0.28571	0.20000	0.00000	0.00000	
84413	0.32609	0.11111	0.04762	0.01613	0.00000	
84712	0.26250	0.09346	0.02586	0.01739	0.00893	
84981	0.68750	0.25000	0.18750	0.06250	0.00000	
84999	0.35556	0.03636	0.00000	0.00000	0.00000	
85172	0.42857	0.00000	0.00000	0.00000	0.00000	
85964	0.40000	0.05000	0.00000	0.00000	0.00000	
86416	0.35135	0.13542	0.04301	0.01136	0.00000	
86654	0.62500	0.35135	0.17143	0.12121	0.06452	
87072	0.40000	0.13636	0.00000	0.00000	0.00000	
87850	0.29000	0.04688	0.00763	0.00000	0.00000	
89529	0.35135	0.16279	0.07317	0.05128	0.02778	
89933	0.27848	0.12500	0.03093	0.00000	0.00000	
89943	0.30000	0.06667	0.00901	0.00000	0.00000	
90078	0.31944	0.06383	0.00000	0.00000	0.00000	
90364	0.75000	0.66667	0.54545	0.50000	0.44444	
90735	0.43478	0.15686	0.04167	0.00000	0.00000	
91020	0.30769	0.15748	0.06504	0.02542	0.00893	
91166	0.33333	0.09091	0.02381	0.00000	0.00000	
91797	0.28846	0.13235	0.01408	0.00000	0.00000	
92667	0.55319	0.17241	0.04918	0.01724	0.00000	
92675	0.47945	0.11111	0.00000	0.00000	0.00000	
93075	0.36000	0.11864	0.03509	0.00000	0.00000	
93142	0.25714	0.02564	0.00000	0.00000	0.00000	
94177	0.24510	0.09554	0.01875	0.00637	0.00000	
94576	0.37736	0.11594	0.05797	0.02985	0.01587	
94649	0.48780	0.16667	0.04255	0.00000	0.00000	
95429	0.30769	0.07143	0.00000	0.00000	0.00000	
95465	0.40000	0.00000	0.00000	0.00000	0.00000	
95759	0.37778	0.13115	0.01471	0.00000	0.00000	
96215	0.43750	0.11765	0.00000	0.00000	0.00000	
96790	0.20175	0.03727	0.01250	0.00662	0.00000	
96885	0.25664	0.06164	0.00680	0.00000	0.00000	
98089	0.56250	0.16667	0.00000	0.00000	0.00000	
98250	0.28571	0.00000	0.00000	0.00000	0.00000	
98392	0.30137	0.07778	0.01176	0.00000	0.00000	
98745	0.43023	0.19672	0.09231	0.03125	0.00800	
Average	0.39925	0.13439	0.04960	0.02131	0.01068	
Total time taken= 610.98 seconds
